 ev_bucket    avg_EV       ROI  avg_edge  count
         0 -0.075366 -0.079276 -0.024274   3711
         1 -0.044491 -0.045728 -0.019107   3710
         2 -0.039684 -0.029460 -0.022074   3710
         3 -0.038201 -0.023972 -0.024345   3710
         4 -0.037307 -0.043911 -0.024302   3710
         5 -0.036481 -0.021364 -0.023197   3710
         6 -0.035400 -0.030977 -0.022756   3710
         7 -0.031948 -0.025591 -0.019806   3710
         8 -0.022541 -0.030524 -0.009479   3710
         9 -0.002540 -0.039255 -0.000693   3711
