accuracy: 0.685113646572635
log_loss: 0.5913526684708603
roc_auc: 0.7501729955231334
brier: 0.20310061204754293
